image: gg_9.pgm
resolution: 0.050000
origin: [-15.787241, -21.235486, 0.000000]
negate: 0
occupied_thresh: 0.65
free_thresh: 0.196

